 200 0.0530375 1.44526
 200 0.0530375 1.44374
 200 0.0530375 1.44124
 200 0.0530375 1.43776
 200 0.0530375 1.43329
 200 0.0530375 1.42785
 200 0.0530375 1.42142
 200 0.0530375 1.41402
 200 0.0530375 1.40563
 200 0.0530375 1.39626
 200 0.0530375 1.38591
 200 0.0530375 1.37458
 200 0.0530375 1.36227
 200 0.0530375 1.34898
 200 0.0530375 1.3347
 200 0.0530375 1.31945
 200 0.0530375 1.30321
 200 0.0530375 1.286
 200 0.0530375 1.2678
 200 0.0530375 1.24862
 200 0.0530375 1.22846
 200 0.0530375 1.20732
 200 0.0530375 1.1852
 200 0.0530375 1.1621
 200 0.0530375 1.13801
 200 0.0530375 1.11295
 200 0.0530375 1.0869
 200 0.0530375 1.05988
 200 0.0530375 1.03187
 200 0.0530375 1.00288
 200 0.0530375 0.972911
 200 0.0530381 0.941961
 200 0.0535978 0.910829
 200 0.0571455 0.883174
 200 0.0642895 0.861514
 200.001 0.0730699 0.848893
 200.001 0.0824284 0.843899
 200.001 0.0920572 0.843482
 200.001 0.101945 0.845515
 200.001 0.11212 0.84865
 200.001 0.122615 0.852158
 200.001 0.133449 0.855659
 200.001 0.144629 0.858934
 200.001 0.156139 0.861855
 200.001 0.167938 0.864351
 200.001 0.179989 0.866408
 200.001 0.192274 0.868062
 200.001 0.204792 0.869379
 200 0.217563 0.87044
 200 0.230617 0.871323
 200 0.243992 0.872094
 200 0.257725 0.872803
 199.999 0.271846 0.87348
 199.999 0.28636 0.874139
 199.998 0.301261 0.874778
 199.998 0.316541 0.875388
 199.997 0.33219 0.875958
 199.997 0.348199 0.876479
 199.996 0.364563 0.876944
 199.996 0.381277 0.877353
